17.5983 -0.188898 17.5878
16.3923 0.141281 17.2145
14.2183 -0.122028 16.2376
12.3513 0.125979 16.3008
9.37657 0.192992 17.9891
4.56348 -0.255941 20.0072
3.88203 0.0382527 18.657
0.645766 0.267151 20.0267
-0.681959 1.77515 18.8433
1.87777 1.12614 14.6944
-1.63674 1.34153 16.6135
-4.60633 2.26148 21.4842
-4.46414 1.98999 14.4794
-0.911518 3.97281 14.1727
1.26541 5.1304 10.1111
0.0152207 8.07292 10.3098
-3.56466 8.63192 6.70215
-4.36883 7.60726 3.62028
-0.961574 6.30858 2.72796
1.88634 5.70113 6.1219
3.95943 5.37144 5.19189
5.76074 4.47583 6.85991
6.65333 4.04176 6.00588
9.46273 5.05265 6.3178
13.4196 3.20566 11.5949
